0.3501153034158051
0.6764445430599153
0.9076295276172459
0.35777627816423774
0.9779919204302132
0.6479650191031396
0.08586283074691892
0.6834918125532568
0.32818539859727025
0.8176860786043108
0.9524478842504323
0.35551259806379676
0.5610446301288903
0.16665439819917083
0.9505247180350125
0.20325872441753745
0.6648298841901124
0.15965078538283706
0.9744357545860112
0.4097574590705335
0.6886229631491005
0.4439206472598016
0.4659172152169049
0.8002174659632146
0.6080498588271439
0.4463419592939317
0.20560302631929517
0.2165405242703855
0.4488159087486565
0.7440307340584695
0.4248412256129086
0.8527707471512258
0.2930534523911774
0.08338398998603225
0.8628228683955967
0.42648130049929023
0.7934819874353707
0.922560220118612
0.39402343379333615
0.06109862169250846
0.8203808260150254
0.37239736085757613
0.8509567310102284
0.7541641383431852
0.8663742509670556
0.4107682607136667
0.6672413055785
0.3065334870480001
0.8340291720815003
0.24537364905700088
0.9659793456085026
0.5875132321380079
0.8312652823515236
0.6999726048670709
0.7184480880387127
0.01093508442863822
0.5995777142234147
0.499050525482744
0.5981037248857319
0.0971676199696958
0.20007219584658742
0.32592459535226226
0.15489780949428678
0.9960654987953603
0.582312707323581
0.5292867547832429
0.9349061627872288
0.8458561836741865
0.6609816369600594
0.3531841686926782
0.17027027951553464
0.8429641588591039
0.5253524375148118
0.5654371953569353
0.6644512345083058
0.8977726488374174
0.4065747824497521
0.3594948551617563
0.49779608892276883
0.7513228370808065
0.02777222217991948
0.40472779935225844
0.17841679649427533
0.427950584795326
0.961952340323478
0.920158778782934
0.8633816097863019
0.8988606496714056
0.6227294099517167
0.64663061266765
0.27521898644044995
0.8316384046338499
0.5128595498390496
0.5924116573296487
0.9387339954264462
0.3006990565918386
0.3555883807130158
0.4272387749515474
0.36313722329214215
0.33367436518892646
0.7338111815042794
0.3997978023253381
0.7944861804135144
0.16873686155304313
0.8620455455966294
0.6536415196023881
0.16343920724466443
0.09786156704649329
0.11621653707697988
0.8165451190434396
0.8533218805678189
0.7710252120159566
0.9462543469853699
0.7382991737686098
0.9135059197433293
0.8363429545424879
0.7965044495649636
0.25194010650739074
0.3431005929596722
0.7911425991915166
0.6589502585120499
0.8334181583486497
0.06995662348344922
0.9189763157628477
0.884248283226043
0.03470285749062896
0.24998259590938687
0.18756985804066062
0.8755757850594819
0.5653259879909456
0.5117738624103367
0.9827092825435102
0.2902909335680306
0.8973620585165918
0.7715539489872754
0.5530651672743261
0.37440546276047826
0.2688462710939348
0.24342846171930432
0.04095433047041297
0.05486982734873891
0.9606299898587167
0.2699514930136502
0.9740390493534505
0.4146708589978516
0.7216737098060548
0.5980045278556645
0.09296377887949347
0.17574192257598042
0.21777752554044127
0.7249878500588238
0.38992937048897147
0.8146855724044144
0.37874910002574325
0.9403244485147297
0.23320479085668921
0.9363087085075676
0.5190091333352029
0.6872764234431088
0.4525763406418264
0.5299702328629792
0.10663433140143752
0.8700738926418126
0.2607343732379377
0.7337412056513131
0.0558378747664392
0.7313563977368176
0.8855975135229528
0.7313775015063584
0.41788738733157516
0.9249268104322255
0.7885743766091764
0.4071049657650292
0.3454604051075876
0.4088177387602627
0.3437627865932882
0.38321707071736455
0.20543734496459365
0.783670433331281
0.8530864953063428
0.06548507185652852
0.7151319733820856
0.7014261935837567
0.7723694010637701
0.32138066412881017
0.9769593751989305
0.9693302740342915
0.023347267415374517
0.41611113818362355
0.28654142236337066
0.974248290527612
0.2666169418953359
0.8314670366235077
0.5892497426830232
0.05229512648656964
0.010523074772208929
0.5924823102541268
0.46018618857488036
0.4287763391621411
0.43098233779892325
0.7269069743342698
0.4826008058153093
0.35344206588342786
0.7772451429627836
0.4824922648258507
0.8997473022900522
0.05605343030765653
0.23859486123546958
0.9270882946439087
0.4151760167442262
0.14726144867017865
0.14698454132303596
0.5565542099066079
0.0164643875323236
0.0897984360344708
0.3906111284159124
0.5354808461852372
0.6973849213682115
0.3649819125421345
0.9134271829389036
0.1957258847542107
0.9535106620751321
0.9595310096628964
0.17559009930118918
0.41776150884106755
0.9262581593357027
0.797695376444608
0.4498488246463239
0.5198345598764718
0.07036793744191527
0.7436965857632458
0.8288680776022375
0.2799391937442124
0.21982246404513717
0.7994820405729115
0.8184900670312345
0.7156020370312035
0.9272016189061105
0.12279138015583158
0.3919337107799947
0.24647984327748418
0.9514756626449525
0.4905353863723576
0.3799313544295728
0.8647696492262185
0.7692357054911554
0.8324873899109662
0.07180299004539847
0.9384314310736954
0.9843616760335863
0.4602871765382588
0.9024679749272764
0.2722232607193291
0.5111277899704874
0.6167573933489621
0.1003942503593862
0.05154896201565862
0.40574551885947585
0.9705324550159276
0.17148506036028266
0.294118267018348
0.22134405886754394
0.6809999500401318
0.09390317043289542
0.43441947223618627
0.7613882995210588
0.6585545470006764
0.09883258631452918
0.6660045948810875
0.10653429245576262
0.6451644008047879
0.9121777727268636
0.6665870291180909
0.7899222201667726
0.7402500589378178
0.33220037212595344
0.3309517023153603
0.9959068647585809
0.9968758677132428
0.018093423452228308
0.13667773129418492
0.6572255766950548
0.7132538785226643
0.3644930808804929
0.7676735785789788
0.32560374354943633
0.04456025408580899
0.336927832569927
0.6205247086472809
0.6907977587543428
0.5600641747005284
0.14320521941408515
0.8186537441797554
0.6230754903517663
0.37056924449279904
0.6157360537908971
0.3592931223101914
0.6141342497430742
0.45116739766672254
0.1797961383126676
0.018270250875502825
0.4914562604390085
0.7843053047545254
0.28272548457607627
0.6376051646657288
0.2811016268096864
0.9481632788665593
0.1590650319121778
0.4209206816740334
0.09393880283460021
0.7753466819413006
0.8066308661364019
0.8616650593467057
0.910312560852617
0.7068898309953511
0.04852593829855323
0.9291471508331597
0.13814946031197906
0.46657240437343717
0.5560892834328115
0.1373840612359345
0.8195008165203035
0.6805483479984105
0.7077827393077314
0.12176130386069417
0.3605231693945825
0.06728728162124753
0.1590151651762426
0.34850545646622777
0.6598962522111833
0.8228284050710499
0.9979041605256498
0.5819693175144494
0.5106784603558481
0.8263469045050442
0.36197528382763267
0.734729562420398
0.150599820073694
0.29103285865858197
0.3907987712882459
0.7254968998022377
0.8357924572192132
0.48528264509513974
0.3895637555979192
0.9698387277312577
0.31295856600627303
0.1492028464563191
0.07858998468145728
0.12871428998187184
0.06497587775811553
0.2314266567118466
0.8037770404480398
0.7398223322816193
0.20494062965735793
0.5712427874095738
0.5829910575412214
0.35676125856116414
0.8936480334959924
0.15103687392547727
0.8633889420889318
0.8210017872042954
0.1555102444253862
0.5440453817136586
0.8646800904534757
0.29167210729792714
0.9679118297062814
0.18242201255634427
0.3833256079815328
0.6581555348820984
0.4990027374587953
0.07061661081388593
0.9326750277541578
0.9605006691999733
0.36892876541242003
0.5690665696747601
0.09404052933678031
0.44264404894784093
0.8094995296560228
0.8732007374055684
0.9537086575292051
0.8634453085251153
0.5972939333878458
0.8127558236010373
0.5008895411156118
0.6905348342843354
0.6352031356655061
0.5964053054340184
0.8616036116145551
0.8019739207811654
0.057411020155996084
0.12670083390548825
0.24350582202896476
0.3207274270243943
0.7328121638856828
0.5103261400945485
0.4666473655961454
0.20694893272593617
0.04186730599030852
0.38866344140842557
0.9551748945377767
0.23307839455083013
0.8018963164649904
0.7136723478324711
0.0649672388099134
0.9667523023672402
0.21580866491422057
0.5940812681801617
0.6222096248529851
0.38652633549645543
0.7192713893018663
0.8368913163430989
0.5479053943417966
0.7554105189628899
0.6013145647011697
0.8091927175410092
0.44332522293552756
0.3772168797440827
0.27337427204474807
0.2452937145717442
0.01139383902773261
0.8607196030206978
0.061773066874593496
0.6241619740612805
0.18901424249634147
0.5166276884265244
0.3986379480920732
0.7421784927137196
0.8653294234536588
0.5123701062984765
0.2862558267079294
0.10620400356128812
0.060921580996364355
0.40969345392659307
0.9098664945922792
0.7719578822143376
0.44294884195551276
0.7100721118040383
0.27389309322461486
0.2527095531113446
0.05121947964653373
0.03293089987710118
0.7366100824438035
0.12328239576891065
0.11020363261923194
0.5516802337951958
0.31824870919808745
0.9443701510317624
0.8019825234077871
0.31256378116086125
0.6575399762950838
0.13216582732275128
0.8751351772807539
0.06131861777976155
0.49169511115178466
0.398303106892854
0.9645626409910619
0.20264788391068578
0.5348235345445573
0.385110252071172
0.497249701526016
0.517505940515548
0.629788329359144
0.12117651151493192
0.05896410485729575
0.26319602550938725
0.048499209340661764
0.9222310264594853
0.09689327469095588
0.28128041001036763
0.8156429878436029
0.3623342369683087
0.8332185312174261
0.7383030545897782
0.9308515465818346
0.9403817881830037
0.264626809861511
0.12432476552203298
0.36430730437859893
0.06692093657329679
0.12275988003239036
0.13427085103467107
0.7007861859165132
0.9962794561870396
0.6706010638736188
0.057091277558356524
0.30713809048756957
0.3290070449002087
0.20979945501312613
0.2977333259768784
0.8982048607431352
0.7096292306669056
0.17393163731321692
0.6569267478771508
0.3761757514439523
0.34471377776935697
0.6827009036205709
0.9937814217992127
0.8183803982101381
0.9662495930679142
0.43207397451624274
0.8961975094862282
0.4885192862711847
0.865338132251054
0.7953552170656621
0.9840881121344864
0.7463317192159593
0.6211973060853779
0.010198363568633795
0.4704144266434014
0.7307012877427042
0.15047788666561246
0.3265557303093374
0.6050334018655121
0.6911988384090364
0.7018924136646092
0.9905649363063276
0.6263578948564827
0.8430629423819482
0.4211566005833447
0.9393731220625341
0.8458293271251023
0.6206178641878068
0.11124324100092053
0.0818986683152616
0.4902028408832848
0.20412903046235442
0.8129486148245633
0.040530414786189795
0.9266449552960694
0.19509599870070815
0.8307713945396245
0.22876437893137336
0.8956437227316201
0.3149829260073602
0.8291040514595807
0.13977797469124198
0.37673138501122594
0.0023865378461778164
0.6237367619760334
0.7209417312406003
0.712019529659301
0.7836415967904031
0.2936738138087094
0.7092685117386281
0.6125467461533844
0.29186387127265334
0.23826251225546002
0.8028002320788801
0.6724387821741402
0.8094306043349206
0.8046345864422619
0.5429320796392858
0.01588119985535741
0.20889848237857223
0.11046009557321668
0.78267423203215
0.7019045320339501
0.16735910391435027
0.6870138351805508
0.6158510758541524
0.5119819384999573
0.529231948312372
0.5675542433746159
0.6422379254363477
0.7454393622465432
0.6924948445521295
0.4460148070938885
0.44363524159416556
0.6476781857199967
0.8933519399724901
0.5310079683549702
0.14588035037741065
0.09621038706973195
0.26433916902169585
0.7201415305025876
0.9417966618202627
0.169506196398288
0.540867222007364
0.7196475644595921
0.4500803886912763
0.22365425201132894
0.2912020138464868
0.7343238149769604
0.7851247652433813
0.10183425666764379
0.5448826528154314
0.35278760688379407
0.2127817659638822
0.10160213382914662
0.6945769092999399
0.2530422513373196
0.26706132432445884
0.3249876839108765
0.5463741845451295
0.3533559520728886
0.20276805153116584
0.036404740530997515
0.39351597940549254
0.03345321165397763
0.6590754552744329
0.6533738267607987
0.9885638630948961
0.051018737722188234
0.4090376584790647
0.9950573113746941
0.2890049419365823
0.778513849247247
0.07003861805424094
0.4136070651002228
0.8512948281131685
0.38530538277700543
0.6501788436435163
0.4333246168680489
0.7483381084166467
0.5901070986874402
0.8055996163748205
0.5226338100619614
0.8854063129983842
0.6087335874326527
0.6837447076104581
0.6238659587688744
0.5894933841191232
0.9221666757948697
0.22755959769710898
0.06585750402882695
0.34710864489898086
0.48993433313444257
0.8156281947158277
0.4843601700849831
0.5655072680674493
0.033802077639847994
0.11324705323204398
0.37526362063363194
0.23235824471339583
0.016776882577687502
0.009437093045562506
0.9056306150741875
0.34884985303506255
0.9424235825426877
0.514892817940563
0.6075446647591889
0.011232627090066671
0.5994937797077
0.49586903443560004
0.5797701892443001
0.01579982554540038
0.8768672500737011
0.11900507053360343
0.8222251725383103
0.8623054004274309
0.7738058497197926
0.8820864944718778
0.32826631935313344
0.03081946587190032
0.23051992105320096
0.10574433347210288
0.5597867113538086
0.4070212668739259
0.4040471990592778
0.7610917924903333
0.9301259634085
0.7309296480379999
0.014444217551499605
0.5082984729669988
0.9197928798384964
0.9440710223279893
0.386290215421468
0.8211020915769041
0.4500006106682122
0.3100848398171365
0.8105035428889096
0.07225769897922873
0.1390143078751862
0.18376655643805861
0.8514705677516758
0.45492439856752753
0.0663112816400826
0.3035481027327478
0.22448708163574338
0.6149895652197301
0.6695536565966904
0.48241585260257125
0.8685122062452137
0.8693305640481412
0.3993735280819237
0.5722660920582712
0.8392347996123135
0.8850139691494405
0.7569706183858216
0.5766979879699647
0.6474523623473942
0.6944322823546827
0.33952243300154805
0.7872440568171442
0.6677624438889325
0.9213781519792974
0.5184069168753922
0.8180381334386766
0.2425665487535298
0.09305609157308936
0.3752376106567681
0.41392083978280425
0.10638654278591275
0.9130316986702383
0.5207113069482148
0.9069825536571443
0.7554935594089329
0.3701183735392988
0.4212682065553963
0.19654387747868896
0.38784940587356687
0.5582015379332006
0.8585645747371018
0.12757360702380538
0.03836046950891614
0.08200035383924842
0.14675789745524526
0.14254420017823577
0.5344441239722073
0.9237669422291219
0.7326045376248658
0.08172474568709731
0.8969076354987919
0.6459231018088758
0.8033698913641274
0.006911431904882193
0.8111395691521466
0.8046345277689397
0.5275510442443192
0.9235955155454576
0.7936136950738728
0.4493225305341184
0.5534119275398552
0.2765687904320657
0.6787053947336972
0.5831132545135915
0.3903309744782746
0.09396655624732375
0.050820567179471254
0.45922439685091376
0.2979612764902413
0.6547480872832239
0.2468370352871716
0.5882894261740148
0.3082032394595444
0.5546146011911333
0.5538584520108998
0.33161930134519935
0.00498973997309804
0.04536472773179412
0.22728070663288236
0.9554016902111471
0.6868837815709412
0.5226874775253236
0.9541708310134709
0.020837688352912664
0.537488650996238
0.03739271080121398
0.38695840584114194
0.9852160378359258
0.42867057444527745
0.7050791061483324
0.37243946688249707
0.8889248459599912
0.9815938738174736
0.889239629264921
0.5010929112322628
0.0034008040092885494
0.5105686229653656
0.032804501708596945
0.6017094035632908
0.3150159060023725
0.4747108039446175
0.01312166964635253
0.8063327823765576
0.7199016674421728
0.0624149632640183
0.8953747726045549
0.8105139662511647
0.804710844065994
0.5336393681354821
0.9594386122189462
0.9538773600943387
0.08831665059551597
0.9450036627240479
0.8751721209846437
0.7459997613914311
0.5994494794867933
0.8826990243978798
0.9011488310061395
0.46260176645591855
0.6652711196802557
0.828210819978267
0.9818248427473009
0.4370516766794026
0.7858864753507078
0.7818537619896233
0.6181442937813699
0.6721819047816098
0.4697927846573293
0.769119564909488
0.3865823275409639
0.39741788106039166
0.905266338493675
0.854837101418525
0.9816255620680749
0.19621945964172482
0.3426866992376745
0.2901450586505234
0.6566900587640703
0.3288348247297108
0.06279841950163245
0.41727709444239736
0.9384767911396921
0.8753668968565762
0.8059102608822286
0.9571594935841858
0.4897646135650575
0.32415223913267255
0.5370319127105176
0.30482132406905293
0.9956407300196588
0.2304524634964764
0.42194821080192924
0.4576170933432877
0.9481686628423631
0.5704581369645894
0.8892308562062681
0.20126190455630422
0.20449372148141265
0.41560518788173795
0.6531876339577138
0.17867911281064153
0.19338597124442458
0.5522038121707737
0.5727491318248212
0.4666604814119637
0.6452207020483911
0.6713798795826733
0.22129295906051993
0.2853388381190598
0.7203963971696794
0.7543288399465382
0.04240546515211463
0.4654732313938439
0.41119020199403167
0.277882129419595
0.966580958571285
0.29854658665135503
0.09205089276656508
0.8653860767371953
0.36385842552408576
0.3946758625097573
0.09332934534177184
0.007893309462815523
0.20739574870094657
0.1733347070403397
0.17344650393351912
0.4806666602380574
0.3229814260266721
0.6118886140175164
0.7644988498650491
0.07999557303264737
0.5994837894104421
0.8769425791688263
0.866301370318979
0.3053250093944371
0.035237723495811224
0.46350125642493367
0.463868027087301
0.611696854699403
0.49536888441070914
0.46694161416962743
0.3433297253213823
0.8575038244016469
0.05505541851744056
0.6127980914898217
0.18128978228196502
0.572555870283395
0.8037271811626852
0.6693602544255555
0.7826168960891664
0.6714590867049992
0.9852024554274976
0.8680829522199929
0.34167561447247863
0.23730711685493588
0.34876217087730765
0.956808973569423
0.6019943035207689
0.0006850589998066425
0.5861616223119199
0.5108042028732598
0.7893706164322793
0.13898587273433805
0.7295796885155141
0.1266052764840424
0.19341446226462722
0.021039285231381655
0.38550555100664496
0.12367973895743489
0.2725284746848047
0.522053197491914
0.6795629127882421
0.3788986993022263
0.15732598071917892
0.5338675905950367
0.7872717170976102
0.9188219872303307
0.4274864695034921
0.29552093194797635
0.925747366156429
0.8947958094067872
0.03704856103286147
0.1691290815360844
0.6813374399207532
0.5658629056997597
0.26314047491177917
0.4860766981728375
0.5481959148310125
0.9144852054305375
0.5531479991041124
0.08852114574983716
0.5527948825620115
0.5200789836235344
0.14531995868310332
0.19120889948680997
0.8393737687729299
0.3153625172562897
0.33781118458136916
0.18860445218160748
0.09132605185732245
0.8505162415094674
0.2811629823409021
0.03233172046020627
0.6635234816931188
0.6901554060168564
0.1692211008630693
0.8039279510267079
0.30057779839262366
0.568115231115371
0.703491201158613
0.1079101269133389
0.3160399510525167
0.9250485640950501
0.7059318250976503
0.9101538737304509
0.1075368165038526
0.4538360354490578
0.7551848641596735
0.44658486591652036
0.8828454180620611
0.2778087151236832
0.7212435281835496
0.8271827329881489
0.4719046442769468
0.38678326876834035
0.07355781411752105
0.9602974657900631
0.09976446768268943
0.9559096139855683
0.8375774747692049
0.42227832274511456
0.9954726635478437
0.17233107658103108
0.07473248755559325
0.8974152361042798
0.7118990286253393
0.1946570468135178
0.7608510232530534
0.8131927181966603
0.03149709990248084
0.8702481356449425
0.9380149147473276
0.7958562676794827
0.3330033733509481
0.8353138309903443
0.014852625783532858
0.5712912757880986
0.2940740226767957
0.6228226539678872
0.09026971971616149
0.9362144325859845
0.8048591180704534
0.4032248151488602
0.17561682825908065
0.42467763321474195
0.9675143449567258
0.9829873708076775
0.19029512023553252
0.29488438414409757
0.0566502227447927
0.6859418791718781
0.6057992703281343
0.4613187094219029
0.3157188235782087
0.742444556672126
0.6131979278288782
0.9971865569241345
0.4643379910849035
