0.0007324260659515858
0.8113489341922104
0.6890516853891313
0.8321697046048939
0.7915530591271818
0.2597910133190453
0.4347685477696359
0.27049216674640775
0.7100360705517232
0.8257869225926697
0.5643969005905092
0.9542991002090275
0.6462224959395826
0.28864307375624776
0.9158559790812433
0.8973482106812298
0.1413854523561895
0.7721788180060685
0.3606038368307054
0.2140136589296162
0.03864742210134864
0.3057616022415459
0.48674281453713775
0.16860246704891324
0.6309294714592397
0.26815462531521916
0.9305625087581575
0.16998342471197248
0.6448379694484174
0.3391769942827523
0.23152024066075683
0.3365284954197705
0.9354888065718114
0.5841763806529343
0.08565902477130294
0.2563667227514088
0.7672691135667264
0.29631417663767934
0.872463037725538
0.567950636614114
0.5555364801548421
0.22166315140202641
0.33015058701857924
0.9859351594932377
0.9442556737922132
0.7921176073141396
0.2544045797549188
0.39736901270225644
0.09457285841926932
0.991116036195308
0.09554049139842391
0.6531986226327717
0.05932731321081519
0.4771762755699456
0.3291118345223367
0.6800845270045102
0.11850065132603049
0.5902431649155915
0.47495312755927444
0.5375302811153233
0.9506035386584699
0.8658487019129097
0.6396603635512292
0.045323864091187716
0.5149999125860631
0.6820846986956894
0.4575089788995683
0.606291585136205
0.5201687007211149
0.6643879381008446
0.30480932211503386
0.8493644897826016
0.3529030396603048
0.47313782991841435
0.6626996225677431
0.7179572661407292
0.34344699373468757
0.5990665671415627
0.5033764592371881
0.6286596511490643
0.2415697737596929
0.7914817822165787
0.5747627294622362
0.3252403368242085
0.7785774557851255
0.7443017032928765
0.45861311769112945
0.05296337651088834
0.19026219984516501
0.664902810472995
0.27705706423148513
0.6782170911319554
0.5757889687083662
0.35077999206259847
0.9225792340002954
0.3784554754383862
0.9675197466276586
0.3990192008204758
0.6864374852739275
0.5274521042592824
0.986775258090347
0.17358261020854115
0.16051833843812346
0.4008665387518704
0.9605341865681112
0.15540627064183354
0.28762994473800063
0.3271232326515019
0.3740698932670057
0.30031026573851705
0.43523255502805114
0.9086029385216534
0.5345246358774602
0.029721368569880724
0.36760648852214217
0.9381466140039265
0.32042128732427955
0.47920819791033864
0.9914576015435159
0.6358718280680478
0.8921125545166433
0.6298288744874299
0.7499602562747896
0.8313016672618687
0.23816769709810615
0.9472911772318184
0.5402377895079553
0.7158061419613659
0.4326967461965978
0.15392519952729344
0.02928048139438033
0.790356092620641
0.478612223174423
0.7584685054607689
0.24330102419480681
0.6335895960219204
0.6118283583782613
0.968663786072284
0.30552749102935195
0.11519087152555585
0.9413978098891675
0.6116690156050026
0.19743380462750793
0.6795816873200238
0.3005858822725713
0.687280107755214
0.4184077060781419
0.3249252666719258
0.18388224532827735
0.17896607192233205
0.41885622357949615
0.9024426941759884
0.6449501528404653
0.7477166694588959
0.6817486411891878
0.3610418220050633
0.030513161327689886
0.9337025699205697
0.327596967574209
0.5622586761601269
0.4251793487928808
0.4907480073161423
0.11787390476092696
0.2905113627202809
0.6822030334733427
0.47861593635752797
0.7318683168850839
0.08366647409275174
0.9151839925907552
0.7381056887097657
0.19197819894179702
0.508917995262891
0.32570418110117316
0.3739631292410195
0.31244114553555846
0.5089787100441754
0.24190195044502616
0.8706033122725785
0.046502319630235434
0.4435841073282063
0.2429837672971189
0.4656456378288567
0.6070199212990701
0.45130878733471036
0.24467343231663108
0.40626150788739324
0.2355081564746797
0.7566953678615391
0.4205987988971174
0.7133344826288521
0.4946177056990564
0.5476958905346692
0.8346159919165075
0.07843293668702245
0.9590536928735673
0.04842572705820203
0.6590711264871061
0.5185952153988183
0.17993115400895476
0.4122299854643643
0.8539995267055929
0.4139272910542786
0.7975680059753358
0.06006241636350751
0.18226244440302253
0.5530129191465676
0.6777155152522027
0.08917681919410825
0.43562127789482474
0.8111362946219742
0.9462262666784227
0.37713094847276807
0.7467492907308042
0.08631720812991261
0.7971596322022378
0.006102920044213533
0.8621808304451406
0.1181587022729218
0.9493247396312654
0.6325201173312962
0.2511980473063886
0.8145072278566658
0.6262609413824975
0.42700059758499265
0.9256551130674779
0.7109253001399338
0.9346557832323015
0.20960699813440442
0.8457399397157133
0.1879766550846398
0.5162004730664194
0.4054129426367581
0.7866733982227743
0.0713239056058228
0.3478828496299684
0.4453819473274052
0.5413460372947156
0.23963869782164693
0.5657178512774408
0.23755882726982236
0.3338923021219671
0.8653243673034012
0.1869154847227037
0.3335736026056111
0.31920225312933326
0.9130510953254998
0.6054862937889993
0.41545790480449796
0.04337078472599387
0.5211035651154816
0.7362843281589448
0.7277738829143345
0.7400843440555036
0.8905411181040108
0.6824876121245325
0.08005560981109738
0.33794514974579215
0.30717041017487645
0.8015161133371294
0.04456298844888806
0.05373291065916419
0.9213305679149926
0.04438721155747771
0.9743481581099331
0.4466040446422994
0.9104908448643982
0.4435086674056947
0.46663440065458417
0.8082283972762525
0.6496607777662575
0.6239090911112726
0.8965075467713177
0.7638634606264532
0.5146128428168595
0.21290591126307845
0.6459198822267354
0.9593660919927061
0.9429176119156182
0.023210843559354544
0.6530065541155636
0.7091417326591909
0.3777914089150727
0.884472859557718
0.9067144771106541
0.48003112664446235
0.719756465870887
0.9982586554251611
0.5117437397129834
0.08613453945145011
0.9111135792918503
0.691470620688051
0.948801510501653
0.46957347681745887
0.2782272663898766
0.4432023069821298
0.15516844438388944
0.9421899034641683
0.25662342133000493
0.06003139680251479
0.050577588845044374
0.7631829618476331
0.12389947148039937
0.8747501722536981
0.13340579019859433
0.927683190908283
0.365447033662349
0.843533483799547
0.7721775998361409
0.04126424482092261
0.29798707040026784
0.4165442190133035
0.8173816804774106
0.15539211174473166
0.575917546171695
0.05697627132758498
0.15859971242025495
0.43881183257326484
0.2054735836572945
0.28353500878438354
0.8519477997906506
0.5598717196844518
0.6917001199908555
0.11135524278506637
0.4428303767926991
0.6547850756905973
0.9432370630092919
0.7663566968403757
0.10900661395862699
0.756829412188381
0.5599169475026429
0.5480369753204286
0.24896932439878583
0.5614831685088575
0.12817509146407247
0.7157020322047174
0.1406363700516522
0.4024999304674566
0.14927225233986974
0.2731341398321092
0.29535456793382764
0.3139201491139829
0.22532978327944875
0.5266973576508462
0.13221609639003873
0.053020359482616186
0.12817728938534856
0.2918805009685457
0.597687401343137
0.9591998993419111
0.37601278396323323
0.6232776097021997
0.3555506025440991
0.5238051279447973
0.9428753447718918
0.9430059171281755
0.1721573998220265
0.5458911447785795
0.7259302702732384
0.44256131863221526
0.12199547933414578
0.7489210083149374
0.39556673588231206
0.6331113404594362
0.23856741981580853
0.7334024547599256
0.2533079502172768
0.9192256084643304
0.2355820988304913
0.1404621168039739
0.7225338113494217
0.07104381686076522
0.9234585990197957
0.901357242371887
0.0970160630531609
0.4698811969719827
0.9461426143534482
0.44792491337284446
0.17226595105603337
0.0022714859806001186
0.46323535637930036
0.7589687644504011
0.3846943792887032
0.4774473956786096
0.40243496047332883
0.11758320173248649
0.08358456613495946
0.4432585812173784
0.9072903920896351
0.4544151215814054
0.5608772006817162
0.2755271098576486
0.6052678530104458
0.1518631293438375
0.4637680989690125
0.4158404297195375
0.3211296875961125
0.18421425810083747
0.2151183602400124
0.6327818385325372
0.8606257890351117
0.468718187417835
0.06667702319100499
0.18159845238551497
0.4894975055940449
0.30259896209463477
0.4101162222214043
0.7373066744767129
0.7327940468676388
0.7610042109154165
0.9708788436837494
0.9762351638637483
0.11950139002874494
0.9308918653987348
0.5098386821337044
0.6810053042136133
0.4974836860783398
0.8558543785475194
0.6577730965800583
0.243949172552675
0.543737166095525
0.06688044359907508
0.5076481667347252
0.4439650080166757
0.09495654748752713
0.5740542127750814
0.5897163492627442
0.37181018060073256
0.9234139402396977
0.19419201603159308
0.8544266340322793
0.37883165990933776
0.5831502531655133
0.08941657980903983
0.2881472003646195
0.9241339839063585
0.9514791001565754
0.3916687457822263
0.786700573284179
0.19518472766503692
0.09080320643261075
0.7881566896103323
0.9117112797684968
0.37685747211799026
0.055743314791470766
0.9427426396869123
0.1547660049982369
0.4439122728072107
0.27057959185913205
0.6282670958898962
0.33438624860718846
0.3519136286340654
0.10200553433969617
0.4448105483315885
0.7508134809322655
0.5015859506092966
0.2521943752653897
0.998892696108669
0.7236067992635071
0.3516065306030214
0.5971779902465641
0.41860916605219245
0.13705308409407735
0.054836010094732046
0.09553830372169614
0.07970573147758842
0.6183896553702652
0.9929863489232957
0.3924111952073872
0.4175900309346616
0.9738394287414849
0.08472629403695464
0.7438029055483639
0.7002807869575918
0.5074585718102753
0.742224348243326
0.8862189431674778
0.6372945248149335
0.8477966603823006
0.35112923895940185
0.47660549031570554
0.6994697912596166
0.9073693347163498
0.14898788696154952
0.7276033093221486
0.024728873278945684
0.599943455774337
0.37710087513551116
0.8631141488440335
0.7847770168446004
0.9406347614713013
0.580815417226404
0.019179650116711855
0.8877391456626356
0.1538180229254067
0.9332558265887201
0.21517275320366025
0.8917340799234807
0.41384970070794225
0.45749148493632674
0.020301603246480227
0.0043862550519406796
0.843603101093322
0.022142311092466116
0.5404259567148983
0.043274940457195044
0.39581603230908513
0.9854217297397554
0.3501860876567662
0.23232095828279853
0.24225096078589559
0.36261714017018676
0.9954441939480603
0.7091109021566808
0.29566766740754247
0.3920078850351274
0.6910383035428822
0.6181588559411466
0.48960840376093984
0.3742207190953195
0.8388486807234585
0.6651056124828756
0.44099554838612676
0.6600227779708803
0.9911767323501408
0.00685539236292243
0.12054176302626729
0.6615520468913019
0.8844364141114056
0.35265006264671683
0.1559726488776505
0.7619853294454515
0.1681581367738545
0.15108085563406348
0.39306190283969045
0.9986437163315713
0.454305172432214
0.7380375876091421
0.3394789737649262
0.3945355541072786
0.31190256075933576
0.32059537759050727
0.1164492187090218
0.8133369139395654
0.8319785152561963
0.6718388660810888
0.5432265591807663
0.21280956035479903
0.3878183295018971
0.4116239338181913
0.9793786373920739
0.1716564199887216
0.21553078340366483
0.7482769205234945
0.5498844725079834
0.5648145503364503
0.439927049446851
0.556231343653053
0.37804461689665914
0.2621856085024774
0.17071209894493222
0.6646021171472967
0.45120381237939
0.72580381995067
0.29398860828951
0.23169727018103004
0.7442861464805901
0.3804414472542703
0.584073365200311
0.08046716591343284
0.2261427086777985
0.6326517588458955
0.7606261749751866
0.8698912202380598
0.3737117466516793
0.41324949776753783
0.1160912667401135
0.9773021205328405
0.8189913225360215
0.11822885042056441
0.33845119969919324
0.9666475444100797
0.7538244691677392
0.8231189153157175
0.15429326938465238
0.5176893784664571
0.7174968463368714
0.6457766718231142
0.41718841390684247
0.6911404370330274
0.39214689703658223
0.1326174489222467
0.2663826202042401
0.40473868092522025
0.030988503713160753
0.5432828939519823
0.9808008302934468
0.9952589361928403
0.144346144516021
0.908746441360563
0.15336334751918912
0.7414621128700674
0.06850254954770207
0.7378562814556062
0.8106147428043187
0.222981923725456
0.042358857113868
0.247315829154104
0.10266526089981198
0.39014910301193595
0.41690726997330785
0.9901016927324235
0.18844472663477063
0.2197531252168119
0.6225162115879357
0.7573191425763071
0.9412689511664212
0.8317414238117635
0.5190279823727906
0.6284950799308717
0.09971863823011518
0.9418561100028455
0.7536689159460366
0.04530850565060973
0.4888307903893292
0.5252081914804876
0.7517720353789628
0.7837584889493883
0.9366026152856648
0.5657892911694944
0.9653122094459832
0.6997696361504495
0.5108079318888485
0.7669208659790456
0.0042538088746368885
0.12323505943641067
0.701126076746732
0.09764092555269599
0.27571086259558797
0.7754968455992639
0.17158331023529172
0.05002825101837516
0.7559197139926255
0.08526402479037642
0.7083067228086293
0.4824641137383878
0.5200241771526635
0.7779680392704904
0.9875906412489712
0.9238314940594137
0.654673193115741
0.613555712159723
0.7892755349166691
0.2136518000625074
0.17843098612502217
0.14771971618756652
0.28043942200019956
0.35315908631309867
0.594999719876796
0.391566542442888
0.9944017757661641
0.4423117726109922
0.7042546537704766
0.24472196912392974
0.13003993080928922
0.5777418627403677
0.29609179915860295
0.5768740302883089
0.7964179893024266
0.5866416632197797
0.3520880755968392
0.8327534846030176
0.8277282272465527
0.4715880020521581
0.37997396709397435
0.035551784094423056
0.7935450007207692
0.4413039474748075
0.5059186783619225
0.06377654289826751
0.8293911521323025
0.40235802670940757
0.9496277910657227
0.07654450600966811
0.9126169164665043
0.786800944712013
0.507253420073539
0.9623120180331171
0.20859132753685117
0.5907398029230535
0.6671168697066605
0.6860429919324815
0.11220612423494458
0.49884981801733375
0.9832437899895012
0.4098143777810037
0.6096921567805111
0.9698235406540334
0.33171183289960027
0.2618591315113008
0.5857482929714024
0.15775757422670722
0.6748108086176217
0.629046683665365
0.7009828244335949
0.5444767936132848
0.9580153417773545
0.8478009081445634
0.4646673728711903
0.15779606392607093
0.7647700277157128
0.16845559095963836
0.12780329631641507
0.2507194592617452
0.35408708872273564
0.8680473989807069
0.02150059537962079
0.31657698145136237
0.7059565302915871
0.38654634868726134
0.965669319499284
0.3150987788103521
0.19956879736855626
0.3615237749181688
0.37302347319200635
0.984426864888519
0.5493499306030571
0.43625779962167144
0.6733974223025143
0.11406433722004294
0.6238092225976288
0.7162763006053865
0.6833748002536595
0.6537620960734785
0.7721993741579354
0.7493373802863061
0.5462299142964184
0.5333430632017553
0.28398915054276586
0.9038473344407976
0.8671816517598927
0.0684639005921781
0.6061485377140343
0.020716120954602957
0.6689598863013089
0.8273142292164266
0.9432463985867798
0.2136503285728395
0.7926843841560185
0.8332533477805555
0.8653606292791665
0.6928836456499994
0.36905621038749814
0.9783844514749944
0.5488008153624833
0.4873448288999498
0.9848616351373494
0.5230663507245481
0.2746433881111443
0.9402631721459329
0.16978853987529874
0.5563626899383962
0.8100792807526886
0.8532114750705659
0.8285553236491978
0.29242866626009345
0.29757408471778035
0.15358651196584105
0.24335230933502316
0.0778352483175695
0.2768407058902085
0.9605270004831254
0.27159564988687634
0.984830894973129
0.4646245208568871
0.9242690703831613
0.3639937345869839
0.8655407740734518
0.9173010331578553
0.7139392322860658
0.02792609529569745
0.7421034811995924
0.20128602953627706
0.5287848464213312
0.3611348127014935
0.4077452584169805
0.19625823618844151
0.5078420913778245
0.28072842257097363
0.1137917130254209
0.1561944750137627
0.9130414328537881
0.07249832199886441
0.21761703630909324
0.6532173198647797
0.9607505924068391
0.8855476756580174
0.6665307222865522
0.029255252797156572
0.17675501620396972
0.7972328220494092
0.19260178646072745
0.9805153203196824
0.14967584377154708
0.07341717975214124
0.09342048456892371
0.8997682896442711
0.5578253767453134
0.24903765367344022
0.47379753133282065
0.601446304935962
0.3445000476203859
0.6539835412986577
0.823400819208473
0.0545530435629189
0.9167108885012567
0.009287938941270113
0.8053296371363103
0.748386372346431
0.24235149985179305
0.7186316479928792
0.13062638929113746
0.31607350381091237
0.7208035192452371
0.48015958117321134
0.393725813832134
0.040918652433902025
0.7019795901142061
0.8436096687801182
0.7438417016528547
0.870563190896064
0.5288038305006921
0.3377542649395764
0.26729111513122916
0.5639583063311875
0.9781298018060625
0.7931540538556874
0.9557561068795621
0.5961501565761864
0.9750959775410593
0.48522445606067777
0.1354829384945333
0.4458775264210999
0.4559187120757997
0.7226145346648991
0.23241879930719733
0.890981983859092
0.254122709389776
0.505898401606828
0.7482860251329839
0.9366305363364518
0.8852089918218553
0.8815791239030659
0.32259381702169776
0.0013507870025932789
0.10476036882027984
0.6164051298983395
0.7555874600075185
0.9858785909600556
0.11498440569266677
0.8169991155155003
0.8671350418590009
0.8498182115145028
0.2946938923560083
0.11979945050552487
0.06655167182907462
0.32111497642472386
0.3277248120866716
0.07631408469751477
0.5083611994050443
0.36334043415263295
0.6047918102703989
0.35868695424869657
0.7089954330585897
0.02579001011326909
0.7737811631523073
0.4105768878944218
0.49943085899576545
0.30139316292479634
0.31348124658688903
0.16834901319816709
0.18876285990700126
0.6174360406585038
0.0057505047880113125
0.47757866280153394
0.8137174337171018
0.5840966370888054
0.1811229190789163
0.8298677806742489
0.3491004123352468
0.6257924479432404
0.6128509766422212
0.04497382836416364
0.7541841804049909
0.12034062715247273
0.9343861392699182
0.5232511912472546
0.7300318940542638
0.6709306431002915
0.45529681211337447
0.6934050847776234
0.06275919964537024
0.13590943487361073
0.2506238124333322
0.2805579607374966
0.42773345252498984
0.04137906851246953
0.3986733383499086
0.01962841348722577
0.5297104357741773
0.0016068932600319386
0.24224743759259582
0.43902258621528745
0.45390857895836234
0.772248197812587
0.5483119762502611
0.3396380771882832
0.10302067687734962
0.5613813665695488
0.44110210752114654
0.5941803460009396
0.5951631083153188
0.22335553588345647
0.9836652404628694
0.8917916198261082
0.49776255479082465
0.960450750309974
0.28284150874242187
0.052992299664765596
0.7723802193067968
0.15735061885789037
0.9926817393861711
0.5399348665960133
0.3054735451005399
0.9734274712391198
0.0913029215298593
0.7869702880270779
0.9000954343937337
0.3178400141187012
0.8061811751686037
0.976526923943311
0.6035309671424329
0.8324434873647988
0.5628822199068964
0.8853019331581891
0.24587161978706717
0.5075123202987015
0.8322293437086046
0.4257651795633137
0.06452698400244117
0.5552752879448235
0.7509088716469705
0.5079756383784115
0.2896739854477346
0.16626316728070378
0.39051313465461135
0.846710302401334
0.5656436025165021
0.7734688934870064
0.5500209382735193
0.33890558825805783
0.0832450850866735
0.4493202161975205
0.9467155314050615
0.6364112426526845
0.29802767327055335
0.06046485574916005
0.6805400750599802
0.5390567486174405
0.10947981616482139
0.8053681594319642
0.8468906111083925
0.8330302317626774
0.3761658906005323
0.7597232577390969
0.17284653102979064
0.19956986652687192
0.6418004198931158
0.05467372061684728
0.5518385446630418
0.8189677824266255
0.9472597925923765
0.3128487137146294
0.35175414895638824
0.2948864703066647
0.6035314812324941
0.9672106546349823
0.37148059671744704
0.5239876885898411
0.8006007610820234
0.08771536918357015
0.32088536536321044
0.13587386952713132
0.927274928893894
0.34078474761918187
0.6992341256700456
0.12834202544763684
0.47694502165541053
0.7065919009037316
0.9470462105236948
0.32295015500858426
